x = array([ 2.28625963e+06, -1.97930833e+08,  2.39587644e+09, -8.96828858e+09,
        1.27233076e+10, -6.02721331e+09])
A_cond = 1678868976234.5142
d_for_b = array([1.75867282e-04, 1.61316244e-02, 1.99311489e-01, 7.53942029e-01,
       1.07646727e+00, 5.12130976e-01])
d_for_A = array([[1.45164313, 1.1693928 , 1.07560493, 1.02840626, 1.00000045,
        0.98102369],
       [1.23898367, 1.09095131, 1.04062713, 1.0152746 , 1.        ,
        0.98979009],
       [1.16321821, 1.06218071, 1.02778666, 1.01044896, 1.        ,
        0.99301434],
       [1.12391529, 1.04724248, 1.02111544, 1.00794103, 1.        ,
        0.99469056],
       [1.09987034, 1.03809273, 1.01702794, 1.00640416, 1.        ,
        0.99571792],
       [1.08363861, 1.03191264, 1.0142665 , 1.00536578, 1.        ,
        0.99641211]])
d_for_b_max = 1.0764672729236027 with index = 4
d_for_A_max = 1.4516431254007967 with index = [0, 0]
